29.0	1.66666666667
30.0	1.83333333333
31.0	2.6
32.0	2.4
33.0	3.75
34.0	4.0
35.0	2.5
36.0	2.75
37.0	2.66666666667
38.0	2.11111111111
39.0	3.0
40.0	3.11111111111
41.0	3.42857142857
42.0	3.8
43.0	2.28571428571
44.0	3.33333333333
45.0	3.23076923077
46.0	5.2
47.0	3.63636363636
48.0	4.0
49.0	3.5
50.0	3.11111111111
51.0	3.6
52.0	4.63636363636
53.0	3.27272727273
54.0	3.36363636364
55.0	3.0
56.0	3.0
57.0	3.63636363636
58.0	3.63636363636
59.0	3.36363636364
60.0	5.22222222222
61.0	4.33333333333
62.0	4.33333333333
63.0	5.13333333333
64.0	3.25
65.0	4.125
66.0	3.66666666667
67.0	4.2
68.0	5.25
69.0	3.52941176471
70.0	5.45454545455
71.0	5.16666666667
72.0	3.875
73.0	3.22222222222
74.0	3.46153846154
75.0	4.30769230769
76.0	4.71428571429
77.0	5.16666666667
78.0	3.0
79.0	5.66666666667
80.0	3.8
81.0	5.0
82.0	5.0
83.0	5.16666666667
84.0	4.89473684211
85.0	5.38461538462
86.0	4.0
87.0	3.42105263158
88.0	4.75
89.0	4.66666666667
90.0	3.7
91.0	4.22222222222
92.0	4.88888888889
93.0	6.625
94.0	5.85714285714
95.0	4.2
96.0	5.0
97.0	6.5
98.0	6.14285714286
99.0	4.5
100.0	3.57142857143
101.0	4.11111111111
102.0	5.18181818182
103.0	5.0
104.0	3.9
105.0	4.33333333333
106.0	4.9
107.0	5.625
108.0	5.16666666667
109.0	5.47368421053
110.0	5.0
111.0	5.35714285714
112.0	4.91666666667
113.0	5.38888888889
114.0	5.5
115.0	5.47058823529
116.0	7.45454545455
117.0	6.25
118.0	8.14285714286
119.0	5.14285714286
120.0	4.84210526316
121.0	5.0
122.0	6.88888888889
123.0	7.33333333333
124.0	5.42857142857
125.0	4.33333333333
126.0	6.38461538462
127.0	5.0
128.0	5.66666666667
129.0	4.36363636364
130.0	5.1875
131.0	7.42857142857
132.0	4.84
133.0	5.1
134.0	6.9
135.0	4.09090909091
136.0	5.0
137.0	4.35
138.0	6.2
139.0	6.36842105263
140.0	7.125
142.0	6.58823529412
143.0	4.1875
144.0	7.0
145.0	12.3333333333
146.0	7.4
147.0	4.33333333333
148.0	7.07142857143
149.0	5.9
150.0	6.1
151.0	5.75
152.0	4.14285714286
153.0	5.15
154.0	10.0
155.0	8.625
156.0	7.88888888889
157.0	5.45454545455
158.0	6.14285714286
160.0	6.55555555556
161.0	6.42857142857
162.0	5.91666666667
163.0	3.83333333333
164.0	7.0
165.0	5.89473684211
166.0	3.0
167.0	6.16666666667
168.0	6.53333333333
169.0	4.92857142857
170.0	4.58333333333
171.0	7.64285714286
172.0	7.5
173.0	5.54545454545
174.0	5.85
175.0	4.5
176.0	8.07142857143
177.0	5.66666666667
178.0	8.63636363636
179.0	7.33333333333
180.0	5.81818181818
181.0	9.0
182.0	7.35
183.0	6.76923076923
184.0	10.0
185.0	7.66666666667
186.0	10.0
187.0	8.33333333333
188.0	6.11111111111
189.0	6.6
190.0	8.83333333333
191.0	6.88888888889
192.0	6.0
193.0	8.44444444444
194.0	9.4
195.0	6.44444444444
196.0	7.33333333333
197.0	7.54545454545
198.0	6.92307692308
199.0	19.0
200.0	8.28571428571
201.0	8.0
202.0	8.2
203.0	7.5
204.0	7.04761904762
205.0	7.1
206.0	6.11111111111
207.0	3.8
208.0	12.75
209.0	5.6875
210.0	5.0
211.0	6.4
212.0	8.76923076923
213.0	7.46153846154
214.0	7.69230769231
215.0	8.0
216.0	5.61904761905
217.0	7.33333333333
218.0	5.625
219.0	4.35294117647
220.0	5.41666666667
222.0	7.63636363636
223.0	6.66666666667
224.0	9.0
225.0	6.63636363636
226.0	6.6
227.0	23.0
228.0	6.41176470588
229.0	4.5
230.0	5.88888888889
231.0	5.0
232.0	7.42857142857
233.0	5.0
234.0	6.33333333333
235.0	8.0
236.0	5.8
237.0	7.25
238.0	4.625
239.0	4.78947368421
240.0	6.16666666667
241.0	5.63157894737
242.0	4.66666666667
243.0	1.5
244.0	5.84615384615
245.0	6.72727272727
246.0	6.56
247.0	7.13333333333
248.0	7.0
249.0	6.71875
250.0	7.66666666667
251.0	6.45454545455
252.0	6.29166666667
253.0	10.0
254.0	6.33333333333
255.0	5.8
256.0	5.85714285714
257.0	5.15384615385
258.0	5.22222222222
259.0	8.21052631579
260.0	7.28571428571
261.0	7.25
262.0	7.09090909091
263.0	5.625
264.0	8.125
265.0	10.0
266.0	6.16666666667
267.0	7.41666666667
268.0	5.90909090909
269.0	6.55
270.0	5.8
271.0	10.4285714286
273.0	7.4375
274.0	6.0
275.0	7.8
276.0	7.375
277.0	7.23529411765
278.0	12.0
279.0	7.91666666667
280.0	6.55555555556
281.0	6.76470588235
282.0	9.92307692308
283.0	16.0
284.0	20.0
285.0	4.4
286.0	7.375
287.0	9.35714285714
288.0	8.52
289.0	14.0
290.0	8.625
292.0	8.0
293.0	8.45833333333
294.0	7.66666666667
295.0	7.5
296.0	8.27777777778
297.0	7.18181818182
298.0	6.07692307692
299.0	9.11111111111
300.0	5.0
301.0	6.86666666667
302.0	8.31578947368
303.0	8.2
304.0	10.4
306.0	7.13043478261
307.0	6.66666666667
308.0	7.55555555556
309.0	10.4285714286
310.0	7.8
311.0	7.29411764706
312.0	8.375
314.0	7.48148148148
315.0	9.8
317.0	6.90909090909
318.0	9.4
319.0	12.0
320.0	16.0
321.0	9.30769230769
322.0	7.875
323.0	8.33333333333
324.0	9.41666666667
325.0	14.6666666667
326.0	9.0
327.0	9.25
328.0	5.25
329.0	10.6666666667
330.0	10.5294117647
331.0	8.81818181818
333.0	6.80769230769
334.0	6.5
335.0	8.58333333333
336.0	4.0
337.0	8.58823529412
338.0	10.7
339.0	12.0
340.0	8.36363636364
341.0	2.0
342.0	9.14285714286
343.0	11.25
344.0	10.1428571429
345.0	11.3
346.0	8.33333333333
347.0	7.84615384615
348.0	20.0
349.0	8.375
350.0	10.4
351.0	7.0625
352.0	7.8
353.0	6.25
354.0	8.45454545455
355.0	7.66666666667
356.0	6.0
357.0	8.23529411765
358.0	9.66666666667
359.0	7.16666666667
360.0	6.8
361.0	6.0
362.0	7.66666666667
363.0	7.58333333333
364.0	6.85
365.0	7.5
366.0	7.85714285714
367.0	8.46666666667
368.0	8.57142857143
369.0	9.44444444444
722.0	7.45833333333
723.0	7.38461538462
724.0	11.75
725.0	8.07692307692
726.0	8.16666666667
727.0	8.65217391304
728.0	5.875
729.0	8.28571428571
730.0	12.0
731.0	8.66666666667
732.0	7.18181818182
733.0	6.6
734.0	7.83333333333
735.0	9.58333333333
736.0	5.0
737.0	9.625
738.0	12.6666666667
739.0	6.55555555556
740.0	8.46666666667
741.0	11.125
742.0	9.71428571429
743.0	10.3125
744.0	8.14285714286
745.0	9.33333333333
746.0	9.46153846154
747.0	9.1
748.0	8.54545454545
749.0	10.0
750.0	10.2727272727
751.0	7.66666666667
752.0	8.90909090909
753.0	9.125
754.0	8.54545454545
755.0	10.0
756.0	7.86666666667
757.0	8.64285714286
758.0	7.0
759.0	9.375
760.0	10.1428571429
761.0	6.5
762.0	10.4705882353
763.0	18.0
764.0	12.0
765.0	17.0
766.0	10.4444444444
767.0	13.25
768.0	10.7647058824
769.0	13.0
770.0	10.3333333333
771.0	7.90909090909
772.0	10.0
773.0	9.2
774.0	8.8
775.0	8.55555555556
776.0	11.5555555556
777.0	10.25
778.0	5.0
779.0	15.3333333333
780.0	8.58333333333
781.0	10.4444444444
782.0	11.8
783.0	8.6
784.0	10.0344827586
785.0	10.2222222222
786.0	10.36
787.0	12.8888888889
788.0	6.28571428571
789.0	9.28571428571
790.0	10.1904761905
791.0	11.1111111111
792.0	12.5
793.0	9.0
794.0	9.57142857143
795.0	6.8
796.0	13.3333333333
797.0	16.6666666667
798.0	10.0833333333
799.0	10.5714285714
800.0	9.22857142857
801.0	7.42105263158
802.0	9.66666666667
803.0	14.5714285714
804.0	19.6
805.0	9.16666666667
806.0	10.1111111111
807.0	13.9230769231
808.0	8.8
809.0	12.0
810.0	8.75
811.0	8.125
812.0	13.0
813.0	10.3
814.0	7.0
815.0	9.33333333333
816.0	9.16666666667
817.0	10.8125
818.0	12.0
819.0	11.9
820.0	12.9
821.0	5.0
822.0	11.8333333333
823.0	9.60606060606
824.0	12.3333333333
825.0	9.36842105263
826.0	9.31578947368
827.0	23.0
828.0	8.0
829.0	8.2
830.0	11.0
831.0	13.5
832.0	11.15
833.0	18.0
834.0	9.12
835.0	6.0
836.0	11.4166666667
837.0	11.7272727273
838.0	11.25
839.0	12.5
840.0	9.625
841.0	11.8888888889
842.0	10.7857142857
843.0	10.3333333333
844.0	14.0
845.0	10.6875
846.0	10.0
847.0	13.4
848.0	13.5
849.0	10.6875
850.0	7.5
851.0	8.5652173913
852.0	8.42857142857
853.0	7.55555555556
854.0	12.5833333333
855.0	8.0
856.0	12.6666666667
857.0	10.8888888889
858.0	7.66666666667
859.0	9.55172413793
860.0	8.9
861.0	7.25
862.0	7.25
863.0	11.3888888889
864.0	15.4
865.0	8.75
866.0	20.5
867.0	9.3125
868.0	10.2
869.0	10.5
870.0	9.25806451613
872.0	10.3428571429
874.0	9.73333333333
875.0	10.5
876.0	19.0
877.0	10.4117647059
878.0	9.0
879.0	8.73333333333
880.0	11.2352941176
881.0	9.0
883.0	11.4615384615
884.0	8.26923076923
885.0	11.6875
886.0	12.2
887.0	10.7777777778
888.0	14.0833333333
889.0	14.25
890.0	7.16666666667
891.0	9.0
892.0	12.5882352941
893.0	10.7647058824
894.0	14.375
895.0	11.5714285714
896.0	13.0
897.0	12.6666666667
898.0	10.9
899.0	10.6666666667
900.0	7.0
901.0	12.1304347826
902.0	11.7142857143
903.0	9.68421052632
904.0	12.6
905.0	9.88
906.0	11.6666666667
907.0	13.0
908.0	11.5
909.0	8.85
910.0	8.625
911.0	9.47058823529
912.0	13.4285714286
913.0	12.8095238095
914.0	11.875
915.0	9.62962962963
916.0	8.7
917.0	13.125
918.0	9.0
919.0	9.38461538462
920.0	9.7
921.0	13.0
922.0	24.0
923.0	6.1
924.0	8.28571428571
925.0	12.7
926.0	9.45454545455
927.0	10.7
928.0	8.2
929.0	10.25
930.0	10.8888888889
931.0	12.2173913043
932.0	13.4545454545
933.0	8.83333333333
934.0	13.0
935.0	6.0
936.0	7.5
937.0	9.8
938.0	9.42105263158
939.0	16.5
940.0	4.0
941.0	7.75
942.0	9.45454545455
943.0	13.0
944.0	13.25
945.0	9.0
946.0	18.1428571429
947.0	10.4137931034
948.0	10.4761904762
949.0	8.0
950.0	12.2285714286
951.0	14.8333333333
952.0	16.75
953.0	11.0
954.0	10.7142857143
955.0	10.5
956.0	11.6666666667
957.0	11.2727272727
958.0	12.125
959.0	11.2666666667
960.0	9.0
961.0	10.3
962.0	13.1333333333
963.0	11.6
964.0	11.0
965.0	9.90909090909
966.0	13.3636363636
967.0	10.0294117647
968.0	5.5
969.0	22.6666666667
970.0	12.3
971.0	18.75
972.0	10.05
973.0	11.0
974.0	11.0588235294
975.0	10.1818181818
976.0	11.0
977.0	8.05263157895
978.0	13.1818181818
979.0	18.5
980.0	10.8095238095
981.0	15.0
982.0	12.5
983.0	11.8
984.0	11.6666666667
985.0	10.3888888889
986.0	16.4444444444
987.0	11.5
988.0	12.75
989.0	11.8
990.0	9.45454545455
991.0	6.66666666667
992.0	14.3846153846
993.0	10.0
994.0	11.9523809524
995.0	18.1428571429
996.0	11.84
997.0	13.0
999.0	10.6666666667
1000.0	10.4782608696
1001.0	8.2
1002.0	11.875
1003.0	12.0909090909
1004.0	11.75
1005.0	8.875
1006.0	45.0
1007.0	10.625
1008.0	11.0714285714
1009.0	10.5714285714
1010.0	13.4
1011.0	16.75
1012.0	12.4090909091
1013.0	13.75
1014.0	40.0
1015.0	19.5
1016.0	13.4
1017.0	10.875
1018.0	9.4
1019.0	11.3333333333
1020.0	10.0
1021.0	15.3333333333
1022.0	12.4047619048
1023.0	13.6666666667
1024.0	13.4782608696
1025.0	14.0
1026.0	11.6
1027.0	16.8
1028.0	7.33333333333
1029.0	10.4444444444
1030.0	11.6842105263
1031.0	15.1666666667
1032.0	12.3076923077
1033.0	10.75
1034.0	14.0769230769
1035.0	17.25
1036.0	9.33333333333
1037.0	10.52
1038.0	11.3571428571
1039.0	12.0
1040.0	44.0
1041.0	27.0
1042.0	12.4285714286
1043.0	12.2352941176
1044.0	11.1428571429
1045.0	12.24
1046.0	14.7272727273
1047.0	21.75
1048.0	7.5
1049.0	13.3333333333
1050.0	20.6666666667
1051.0	11.75
1052.0	12.2
1053.0	12.5
1054.0	15.3333333333
1055.0	13.55
1056.0	10.3333333333
1057.0	10.4565217391
1058.0	11.5714285714
1059.0	20.1666666667
1060.0	24.0
1061.0	9.0
1062.0	11.8095238095
1063.0	13.2666666667
1064.0	11.2
1065.0	13.25
1066.0	13.4375
1067.0	16.2
1068.0	15.5
1069.0	12.5652173913
1070.0	14.0833333333
1071.0	20.0
1072.0	12.5
1074.0	14.2916666667
1076.0	14.625
1077.0	13.3461538462
1078.0	9.05555555556
1079.0	14.3333333333
1433.0	15.6666666667
1434.0	17.1333333333
1435.0	11.4444444444
1436.0	9.625
1437.0	12.3333333333
1438.0	12.5454545455
1439.0	11.5490196078
1440.0	13.3333333333
1441.0	10.1428571429
1442.0	23.6
1443.0	2.0
1444.0	10.5454545455
1445.0	13.4
1446.0	10.5555555556
1447.0	14.0
1448.0	11.75
1449.0	11.5555555556
1450.0	14.2
1451.0	19.6
1453.0	12.6428571429
1454.0	12.8
1455.0	10.2
1456.0	8.33333333333
1457.0	11.6153846154
1458.0	14.25
1459.0	14.4444444444
1460.0	13.0
1461.0	17.0
1462.0	27.0
1463.0	11.1333333333
1464.0	10.3333333333
1465.0	14.2307692308
1466.0	11.0
1467.0	15.0
1468.0	11.8333333333
1469.0	11.6842105263
1470.0	11.9090909091
1471.0	10.1428571429
1472.0	14.7142857143
1473.0	14.45
1474.0	11.0
1475.0	13.2
1476.0	14.5
1477.0	10.6666666667
1478.0	11.0
1479.0	12.2857142857
1480.0	11.0
1481.0	13.9411764706
1482.0	10.7142857143
1483.0	15.4285714286
1484.0	11.9545454545
1485.0	14.5
1486.0	17.0
1487.0	8.5
1488.0	13.5
1489.0	10.0
1490.0	20.6666666667
1491.0	12.8888888889
1492.0	11.5909090909
1493.0	13.0
1494.0	8.33333333333
1495.0	7.83333333333
1496.0	15.1111111111
1497.0	15.6666666667
1498.0	11.1111111111
1499.0	7.55555555556
1500.0	17.8333333333
1501.0	16.3333333333
1502.0	11.2
1503.0	13.5652173913
1504.0	11.25
1505.0	8.6
1506.0	37.0
1507.0	10.7272727273
1508.0	9.33333333333
1509.0	12.0434782609
1510.0	15.0
1511.0	12.0
1512.0	11.4285714286
1513.0	12.4545454545
1514.0	12.3333333333
1515.0	13.4
1516.0	9.25
1517.0	14.0
1518.0	14.4210526316
1520.0	12.3333333333
1521.0	11.5416666667
1522.0	17.0
1523.0	8.66666666667
1524.0	12.0588235294
1525.0	11.3333333333
1526.0	13.625
1527.0	11.25
1528.0	15.8
1529.0	12.652173913
1530.0	17.2
1531.0	14.5384615385
1532.0	15.7777777778
1533.0	25.0
1534.0	13.3333333333
1535.0	11.7142857143
1536.0	11.84
1537.0	15.3333333333
1538.0	14.6666666667
1539.0	14.1111111111
1540.0	11.4705882353
1541.0	11.5714285714
1542.0	12.6956521739
1543.0	15.5
1544.0	11.5714285714
1545.0	13.1666666667
1546.0	11.9166666667
1547.0	14.25
1548.0	11.0
1549.0	10.0
1550.0	18.0
1551.0	16.3333333333
1552.0	14.8846153846
1554.0	11.6
1555.0	20.5
1556.0	28.0
1557.0	16.0
1558.0	12.0
1559.0	15.775
1560.0	16.5
1561.0	10.1
1562.0	18.1818181818
1563.0	15.625
1564.0	19.0
1565.0	14.25
1566.0	14.25
1567.0	17.5714285714
1568.0	16.3333333333
1569.0	10.5555555556
1570.0	14.7692307692
1571.0	18.8
1572.0	13.1666666667
1573.0	12.2692307692
1574.0	8.5
1575.0	12.5357142857
1576.0	8.0
1577.0	15.6666666667
1578.0	9.2
1579.0	11.8
1580.0	14.8421052632
1581.0	15.0
1582.0	18.6666666667
1583.0	13.6666666667
1584.0	8.0
1585.0	12.5384615385
1586.0	8.14285714286
1587.0	19.5
1588.0	12.56
1589.0	13.8333333333
1590.0	11.8947368421
1591.0	21.625
1592.0	21.25
1593.0	13.4285714286
1594.0	13.0
1595.0	9.33333333333
1596.0	12.9411764706
1597.0	10.9166666667
1598.0	10.0
1599.0	15.6666666667
1600.0	12.6875
1601.0	14.2222222222
1602.0	13.6666666667
1603.0	15.1818181818
1604.0	12.75
1605.0	14.0
1606.0	10.9583333333
1607.0	14.5454545455
1608.0	11.2
1609.0	12.0512820513
1610.0	20.5
1611.0	22.6666666667
1612.0	16.1666666667
1613.0	12.5
1614.0	13.5
1615.0	16.875
1616.0	9.57142857143
1617.0	12.4193548387
1618.0	14.0714285714
1619.0	15.25
1620.0	12.8666666667
1621.0	13.3
1622.0	14.1111111111
1623.0	11.2857142857
1624.0	17.6470588235
1625.0	15.2857142857
1626.0	7.6
1627.0	12.1428571429
1628.0	11.125
1629.0	12.7142857143
1630.0	13.375
1631.0	34.0
1632.0	9.66666666667
1633.0	8.0
1634.0	23.1428571429
1635.0	18.3333333333
1636.0	16.0
1637.0	12.6666666667
1638.0	17.0
1639.0	15.3333333333
1640.0	12.3
1641.0	14.12
1642.0	19.5
1643.0	13.0769230769
1644.0	10.6153846154
1645.0	13.7142857143
1646.0	6.25
1647.0	10.5
1648.0	17.5714285714
1649.0	14.0416666667
1650.0	18.6
1651.0	12.6666666667
1652.0	18.0
1653.0	15.5757575758
1654.0	10.75
1655.0	13.7142857143
1656.0	18.0
1657.0	13.4285714286
1658.0	15.3181818182
1659.0	20.3333333333
1660.0	15.2
1661.0	14.3333333333
1662.0	10.9130434783
1663.0	10.2
1664.0	15.1034482759
1665.0	18.1111111111
1666.0	16.0
1667.0	16.4
1668.0	15.15
1669.0	13.875
1670.0	16.2
1671.0	11.4285714286
1672.0	17.8888888889
1673.0	13.7894736842
1674.0	14.09375
1675.0	26.25
1676.0	12.8
1677.0	19.0
1678.0	13.2285714286
1679.0	16.4285714286
1681.0	12.5
1682.0	19.5
1683.0	9.5
1684.0	12.9047619048
1685.0	12.0
1686.0	16.25
1687.0	12.8695652174
1688.0	13.375
1689.0	16.2727272727
1690.0	19.6666666667
1691.0	15.4482758621
1692.0	17.6666666667
1693.0	10.0
1694.0	13.6756756757
1695.0	14.1764705882
1696.0	32.0
1697.0	14.1666666667
1698.0	20.0
1699.0	13.8095238095
1700.0	15.125
1701.0	18.6
1702.0	12.7333333333
1703.0	15.6111111111
1704.0	18.375
1705.0	14.7142857143
1706.0	12.0
1707.0	14.0
1708.0	11.625
1709.0	8.5
1710.0	15.64
1711.0	18.6666666667
1712.0	11.2307692308
1713.0	11.6428571429
1714.0	8.3
1715.0	11.0454545455
1716.0	10.3333333333
1717.0	15.2352941176
1718.0	15.3333333333
1719.0	17.75
1720.0	11.0
1721.0	11.3666666667
1722.0	10.5238095238
1723.0	12.25
1724.0	18.1818181818
1725.0	9.2
1726.0	17.3333333333
1727.0	15.55
1728.0	11.3333333333
1729.0	11.0
1730.0	17.4782608696
1731.0	17.1428571429
1732.0	13.6363636364
1733.0	28.0
1734.0	23.0
1735.0	14.5
1736.0	11.5666666667
1737.0	13.1818181818
1738.0	16.2666666667
1739.0	14.5
1740.0	12.25
1741.0	14.3157894737
1742.0	15.275862069
1743.0	8.4
1744.0	15.0
1745.0	17.5
1746.0	15.375
1747.0	9.92857142857
1748.0	18.5555555556
1750.0	14.6875
1751.0	15.3666666667
1752.0	17.5714285714
1753.0	15.3333333333
1754.0	15.125
1755.0	16.5294117647
1756.0	11.4444444444
1757.0	16.4285714286
1758.0	12.7857142857
1760.0	13.6
1761.0	17.1111111111
1762.0	20.1111111111
1763.0	20.3333333333
1764.0	13.375
1765.0	18.4
1766.0	19.0
1767.0	17.9166666667
1768.0	11.0
1769.0	15.0
1770.0	18.0
1771.0	20.6363636364
1772.0	25.5
1773.0	12.0
1774.0	13.55
1775.0	14.25
1776.0	21.3333333333
1777.0	16.4
1778.0	10.625
1779.0	13.0
1780.0	19.5
1781.0	17.5
1782.0	11.0
1783.0	15.5
1784.0	20.4375
1785.0	27.0
1786.0	12.5
1787.0	14.3846153846
1788.0	16.4
1789.0	26.0
1790.0	12.3
1791.0	14.3846153846
1792.0	27.5
1793.0	15.6666666667
2151.0	12.8
2152.0	16.3636363636
2153.0	13.375
2154.0	13.3703703704
2155.0	20.5
2156.0	11.6666666667
2157.0	21.2727272727
2158.0	20.0909090909
2159.0	23.0
2160.0	14.347826087
2161.0	17.0
2162.0	12.875
2163.0	14.1111111111
2164.0	14.1764705882
2165.0	13.5
2166.0	12.0
2167.0	12.25
2168.0	14.0833333333
2169.0	20.625
2170.0	18.5555555556
2171.0	12.8888888889
2172.0	35.0
2173.0	19.6666666667
2174.0	18.9166666667
2175.0	15.8
2176.0	18.125
2177.0	26.6666666667
2178.0	16.3333333333
2179.0	13.2222222222
2180.0	11.8
2181.0	18.3684210526
2182.0	16.3636363636
2183.0	17.0
2184.0	18.6666666667
2185.0	20.5714285714
2186.0	22.0
2187.0	15.7021276596
2190.0	16.4285714286
2191.0	5.0
2192.0	17.5
2193.0	13.3333333333
2194.0	14.5161290323
2195.0	13.0
2196.0	31.0
2197.0	13.4545454545
2198.0	17.0
2199.0	13.8461538462
2200.0	12.1666666667
2201.0	10.0
2202.0	16.1428571429
2203.0	16.7692307692
2204.0	17.0
2205.0	17.25
2206.0	17.8571428571
2207.0	12.1
2208.0	16.7
2209.0	14.3157894737
2210.0	9.0
2211.0	15.25
2212.0	19.3
2213.0	19.0909090909
2214.0	20.4
2215.0	13.4074074074
2216.0	17.5
2217.0	16.9523809524
2218.0	19.0
2219.0	17.5454545455
2220.0	16.8333333333
2221.0	21.2
2222.0	14.3636363636
2223.0	17.5
2224.0	14.975
2225.0	25.75
2226.0	12.6666666667
2228.0	13.4285714286
2229.0	14.7777777778
2230.0	16.5714285714
2231.0	14.0
2232.0	16.1666666667
2233.0	11.1428571429
2234.0	16.4482758621
2235.0	12.6666666667
2236.0	17.0
2237.0	17.4761904762
2238.0	21.0
2239.0	22.6
2240.0	11.1666666667
2241.0	17.0
2242.0	21.6
2243.0	15.6470588235
2244.0	15.75
2245.0	18.1428571429
2246.0	14.0
2247.0	14.1
2248.0	14.3888888889
2249.0	11.45
2250.0	14.1666666667
2251.0	11.5714285714
2252.0	17.0
2253.0	14.4347826087
2254.0	21.0
2255.0	15.1724137931
2256.0	26.0
2257.0	15.9166666667
2258.0	13.5714285714
2259.0	18.875
2260.0	18.5
2261.0	19.0
2262.0	13.1428571429
2263.0	17.0
2265.0	5.0
2266.0	15.1904761905
2267.0	16.9428571429
2268.0	23.2
2269.0	9.77777777778
2270.0	17.6315789474
2271.0	17.625
2272.0	17.5
2273.0	16.75
2274.0	20.1666666667
2275.0	20.3333333333
2276.0	13.6666666667
2277.0	8.33333333333
2279.0	17.25
2280.0	21.8571428571
2281.0	22.8
2282.0	13.5714285714
2283.0	20.2857142857
2284.0	14.3846153846
2285.0	20.3333333333
2286.0	18.0
2287.0	16.8571428571
2288.0	20.0526315789
2289.0	14.0
2290.0	19.4285714286
2291.0	15.2857142857
2292.0	22.5
2293.0	15.0
2294.0	18.3181818182
2295.0	23.7142857143
2296.0	26.3333333333
2297.0	16.1428571429
2298.0	14.125
2299.0	13.2777777778
2300.0	14.6666666667
2301.0	15.3103448276
2302.0	17.0
2304.0	13.9090909091
2305.0	14.5384615385
2306.0	14.6923076923
2307.0	18.3076923077
2308.0	16.25
2309.0	19.0
2310.0	12.0
2311.0	19.8
2312.0	19.5
2313.0	17.6
2314.0	18.3571428571
2315.0	11.6
2316.0	15.5454545455
2317.0	18.0
2318.0	17.375
2319.0	15.6666666667
2320.0	14.7857142857
2321.0	20.5
2322.0	16.6875
2323.0	16.0
2324.0	14.8888888889
2325.0	15.6666666667
2326.0	16.6153846154
2327.0	16.8125
2328.0	19.5
2329.0	16.0
2330.0	14.25
2332.0	19.0
2333.0	18.2666666667
2334.0	17.8888888889
2335.0	20.6666666667
2336.0	41.0
2337.0	17.5625
2338.0	18.5384615385
2339.0	16.0909090909
2340.0	14.375
2341.0	20.4285714286
2342.0	9.875
2343.0	12.0
2344.0	13.6
2345.0	20.375
2346.0	11.625
2347.0	16.125
2348.0	19.4722222222
2350.0	17.1428571429
2351.0	20.25
2352.0	20.0666666667
2354.0	11.0
2355.0	16.2222222222
2356.0	25.3333333333
2357.0	17.4444444444
2358.0	14.04
2359.0	24.8333333333
2360.0	15.0454545455
2361.0	16.5
2362.0	8.0
2363.0	16.9333333333
2364.0	17.3636363636
2365.0	17.8
2366.0	18.5
2367.0	14.0833333333
2368.0	12.75
2369.0	13.7142857143
2370.0	16.1666666667
2371.0	15.1428571429
2373.0	16.3157894737
2374.0	12.75
2375.0	22.3333333333
2376.0	16.6153846154
2377.0	22.5714285714
2378.0	17.5
2379.0	17.8
2380.0	21.0
2381.0	22.4
2382.0	11.75
2383.0	14.6842105263
2384.0	14.75
2385.0	16.2
2386.0	20.0625
2387.0	19.75
2388.0	16.2857142857
2389.0	10.1666666667
2390.0	16.125
2391.0	13.625
2392.0	17.25
2393.0	17.2
2394.0	17.25
2395.0	20.625
2396.0	20.5
2397.0	18.3571428571
2398.0	20.0
2399.0	13.2
2400.0	13.6666666667
2401.0	18.0909090909
2402.0	20.625
2403.0	27.0
2404.0	33.0
2405.0	18.3636363636
2406.0	17.0
2408.0	17.84375
2409.0	20.7272727273
2410.0	18.0
2411.0	20.3703703704
2412.0	18.5555555556
2413.0	17.0
2414.0	25.0
2415.0	29.5
2416.0	18.25
2417.0	18.625
2418.0	13.6666666667
2419.0	23.3333333333
2420.0	17.0
2421.0	34.0
2422.0	21.2222222222
2423.0	15.25
2424.0	18.6666666667
2425.0	14.1428571429
2426.0	18.7368421053
2427.0	16.0833333333
2428.0	28.0
2429.0	25.6666666667
2430.0	12.3333333333
2431.0	14.84375
2432.0	34.0
2433.0	31.0
2434.0	3.0
2435.0	24.0
2437.0	16.7837837838
2439.0	10.0
2440.0	14.0
2441.0	16.0
2442.0	18.0833333333
2443.0	17.7586206897
2444.0	24.1666666667
2445.0	17.4545454545
2446.0	21.5384615385
2447.0	17.5
2448.0	22.5
2449.0	13.6666666667
2450.0	20.4
2451.0	16.875
2452.0	13.0
2453.0	17.6666666667
2454.0	14.6666666667
2455.0	14.08
2456.0	18.0
2457.0	18.2857142857
2458.0	12.6666666667
2459.0	14.5625
2460.0	22.0
2461.0	19.65
2462.0	19.1666666667
2463.0	14.75
2464.0	18.75
2465.0	17.6875
2466.0	15.0
2467.0	17.0476190476
2469.0	18.25
2470.0	15.5
2471.0	17.25
2472.0	18.3333333333
2473.0	13.0
2474.0	12.3333333333
2475.0	20.0
2476.0	19.1428571429
2477.0	27.0
2478.0	36.0
2479.0	20.7142857143
2480.0	14.72
2481.0	11.75
2482.0	14.9
2483.0	16.4651162791
2485.0	20.1818181818
2486.0	19.6666666667
2487.0	21.4
2488.0	22.1666666667
2489.0	13.2
2490.0	14.75
2491.0	14.4705882353
2492.0	16.2631578947
2493.0	18.5555555556
2495.0	14.0769230769
2496.0	18.2173913043
2497.0	18.0
2498.0	18.8333333333
2499.0	13.5
2500.0	11.1666666667
2501.0	15.6764705882
2502.0	17.6
2503.0	19.0
2504.0	17.7142857143
2505.0	16.3333333333
2506.0	17.7142857143
2507.0	19.6363636364
2508.0	17.0588235294
2509.0	19.3333333333
2868.0	13.5
2869.0	16.6923076923
2870.0	19.5555555556
2871.0	14.4
2872.0	3.0
2873.0	17.3888888889
2874.0	15.0
2875.0	14.0
2876.0	15.25
2877.0	20.0
2878.0	16.0
2879.0	24.5
2880.0	17.9166666667
2882.0	15.4285714286
2883.0	16.2
2884.0	16.0
2885.0	24.1666666667
2886.0	20.3333333333
2887.0	18.8947368421
2888.0	18.5
2889.0	15.6428571429
2890.0	15.6
2891.0	19.0
2892.0	18.7
2893.0	16.5
2894.0	20.75
2895.0	15.3333333333
2896.0	19.7777777778
2897.0	17.75
2898.0	28.0
2899.0	17.6
2900.0	17.0
2901.0	23.6
2902.0	23.4285714286
2903.0	17.6666666667
2904.0	23.3333333333
2905.0	18.1428571429
2906.0	18.375
2907.0	17.8888888889
2908.0	19.9523809524
2909.0	20.25
2910.0	21.0
2911.0	11.7777777778
2912.0	24.1
2913.0	26.3333333333
2914.0	15.0
2915.0	17.2857142857
2916.0	13.4285714286
2917.0	18.0526315789
2918.0	19.5
2919.0	16.5
2920.0	18.4666666667
2921.0	18.4285714286
2923.0	21.7142857143
2924.0	15.1875
2925.0	18.1666666667
2926.0	15.8181818182
2927.0	22.7777777778
2928.0	22.1428571429
2929.0	17.1
2930.0	32.8571428571
2931.0	24.0
2932.0	19.35
2933.0	13.2857142857
2934.0	21.25
2935.0	20.2857142857
2936.0	19.2857142857
2937.0	18.0
2938.0	17.25
2939.0	21.75
2940.0	21.3333333333
2941.0	21.0909090909
2942.0	15.8823529412
2943.0	26.0
2944.0	15.75
2945.0	14.4242424242
2946.0	23.6666666667
2947.0	18.5
2948.0	20.6875
2949.0	14.2
2950.0	23.6
2951.0	16.6875
2952.0	15.5
2953.0	14.5555555556
2954.0	18.0
2955.0	22.2222222222
2956.0	16.6
2957.0	17.3076923077
2958.0	16.5384615385
2959.0	17.875
2960.0	15.7777777778
2961.0	15.2
2962.0	15.2941176471
2963.0	13.3333333333
2964.0	20.5714285714
2965.0	16.7916666667
2966.0	17.3571428571
2967.0	19.6
2968.0	22.2727272727
2969.0	20.5
2970.0	21.6
2971.0	25.0
2972.0	23.4285714286
2973.0	8.0
2974.0	24.3333333333
2975.0	16.7058823529
2976.0	20.0714285714
2977.0	18.3888888889
2978.0	24.6
2979.0	16.5
2980.0	17.2
2981.0	19.5
2982.0	17.2173913043
2983.0	15.0
2984.0	19.8181818182
2985.0	14.8947368421
2986.0	18.25
2987.0	19.0
2989.0	15.6296296296
2990.0	25.6666666667
2991.0	14.3529411765
2992.0	14.8
2993.0	34.75
2994.0	16.3
2995.0	12.3846153846
2996.0	17.1379310345
2997.0	16.6363636364
2998.0	25.75
2999.0	17.3333333333
3000.0	18.75
3001.0	20.0
3002.0	20.1666666667
3003.0	26.75
3004.0	22.5555555556
3005.0	27.6
3006.0	20.6666666667
3007.0	19.5
3008.0	15.2272727273
3009.0	18.3181818182
3010.0	27.0
3011.0	18.1875
3012.0	16.3913043478
3013.0	16.4444444444
3015.0	22.0
3016.0	33.0
3017.0	28.0
3018.0	20.7179487179
3019.0	12.0
3020.0	18.8333333333
3021.0	20.4
3022.0	17.7142857143
3023.0	30.2
3024.0	15.0
3025.0	21.0
3026.0	14.1176470588
3027.0	18.2142857143
3028.0	19.5714285714
3029.0	18.1666666667
3030.0	21.3
3031.0	17.9090909091
3032.0	18.0
3033.0	17.2857142857
3034.0	14.3333333333
3035.0	19.0
3036.0	12.6363636364
3037.0	16.8333333333
3038.0	11.9333333333
3039.0	21.1666666667
3040.0	11.0
3041.0	5.66666666667
3042.0	15.7096774194
3043.0	10.8333333333
3044.0	19.5
3045.0	19.1875
3046.0	19.1111111111
3047.0	15.5
3049.0	21.2857142857
3050.0	19.0
3051.0	10.6666666667
3052.0	17.3538461538
3053.0	22.6666666667
3054.0	24.5
3055.0	19.7142857143
3056.0	9.0
3057.0	22.0
3058.0	20.9375
3059.0	7.5
3060.0	16.8571428571
3061.0	22.5
3062.0	22.4166666667
3063.0	14.0
3064.0	15.9032258065
3065.0	19.5
3066.0	20.0
3067.0	16.35
3068.0	17.6538461538
3069.0	20.625
3070.0	18.75
3071.0	15.0
3072.0	25.1666666667
3073.0	15.0
3074.0	15.9411764706
3075.0	18.5263157895
3076.0	17.3333333333
3077.0	19.0
3078.0	22.0
3079.0	12.0
3080.0	17.28
3081.0	18.75
3082.0	17.3333333333
3083.0	18.1666666667
3084.0	14.0
3085.0	18.7083333333
3086.0	24.7333333333
3087.0	11.0
3088.0	9.66666666667
3089.0	15.5
3090.0	22.1
3091.0	21.6428571429
3092.0	19.5714285714
3093.0	17.6666666667
3094.0	18.2222222222
3095.0	26.6
3096.0	16.0
3097.0	17.7142857143
3098.0	17.1428571429
3099.0	16.9
3100.0	8.33333333333
3101.0	16.725
3102.0	21.3333333333
3103.0	20.875
3104.0	40.0
3105.0	18.6
3106.0	15.4
3107.0	17.0
3108.0	20.5
3109.0	19.2105263158
3110.0	24.2
3112.0	14.0
3113.0	19.4736842105
3115.0	23.75
3116.0	16.3846153846
3117.0	19.1
3118.0	16.6153846154
3119.0	21.6818181818
3120.0	16.8
3121.0	33.0
3122.0	27.6666666667
3123.0	18.125
3124.0	24.3333333333
3125.0	18.0
3126.0	11.2857142857
3127.0	16.8536585366
3128.0	16.3333333333
3129.0	16.75
3130.0	17.8181818182
3131.0	19.75
3132.0	18.0
3133.0	20.0
3134.0	21.5
3135.0	42.0
3136.0	21.75
3137.0	14.0384615385
3138.0	24.8666666667
3139.0	20.2
3140.0	16.3333333333
3141.0	23.9090909091
3142.0	23.6363636364
3143.0	13.3529411765
3144.0	20.4166666667
3145.0	17.4117647059
3146.0	22.8181818182
3147.0	18.3
3148.0	19.0
3149.0	22.2
3150.0	17.8333333333
3151.0	34.5
3152.0	21.0
3153.0	18.9
3155.0	18.8333333333
3156.0	23.0
3157.0	18.5
3159.0	21.7142857143
3160.0	21.8181818182
3161.0	20.3636363636
3162.0	17.0
3163.0	33.25
3164.0	19.5
3165.0	17.9444444444
3166.0	28.0
3167.0	22.8
3168.0	11.0
3169.0	24.875
3170.0	17.0
3171.0	21.9
3172.0	23.0
3173.0	10.6666666667
3174.0	17.9166666667
3175.0	14.0
3176.0	24.8636363636
3177.0	27.125
3178.0	19.3333333333
3179.0	10.5
3180.0	23.0303030303
3181.0	15.8
3182.0	19.380952381
3183.0	27.0
3184.0	16.5
3185.0	35.25
3187.0	19.2727272727
3188.0	22.8181818182
3189.0	19.2
3190.0	19.6
3191.0	19.5454545455
3192.0	30.0
3193.0	18.1875
3194.0	23.7142857143
3195.0	22.7142857143
3196.0	24.3333333333
3197.0	34.0
3198.0	24.6666666667
3199.0	33.5
3200.0	22.1666666667
3201.0	25.0
3202.0	20.8888888889
3203.0	22.3333333333
3204.0	12.5714285714
3205.0	20.4848484848
3206.0	12.0
3207.0	18.0
3208.0	14.0
3209.0	20.8461538462
3210.0	25.0
3211.0	26.7142857143
3212.0	21.3333333333
3213.0	24.625
3214.0	18.7058823529
3215.0	17.4
3216.0	19.4285714286
3217.0	10.5
3218.0	23.8888888889
3219.0	19.8
3220.0	23.9642857143
3221.0	13.6363636364
3222.0	19.5263157895
3223.0	17.4666666667
3224.0	24.1739130435
3225.0	18.9583333333
3226.0	18.1
3227.0	21.7142857143
3586.0	10.5
3587.0	22.05
3588.0	27.3846153846
3589.0	20.875
3590.0	23.375
3591.0	17.5454545455
3592.0	21.6666666667
3593.0	28.3333333333
3594.0	25.6363636364
3595.0	25.8666666667
3596.0	19.8125
3597.0	22.5555555556
3598.0	23.6666666667
3599.0	17.6
3600.0	21.2
3601.0	23.6296296296
3602.0	29.0
3603.0	24.4166666667
3604.0	21.7777777778
3605.0	7.0
3606.0	19.6
3607.0	20.3902439024
3608.0	21.1538461538
3609.0	26.8
3610.0	21.5555555556
3611.0	19.8571428571
3612.0	36.5
3613.0	58.0
3614.0	15.8333333333
3615.0	21.6315789474
3616.0	24.0
3617.0	11.25
3618.0	24.0909090909
3620.0	44.0
3621.0	16.5555555556
3622.0	17.5333333333
3623.0	23.8461538462
3624.0	24.5555555556
3625.0	27.0
3626.0	19.4444444444
3627.0	20.8235294118
3628.0	17.2
3629.0	27.5
3630.0	21.1538461538
3631.0	19.125
3632.0	19.9
3633.0	21.6153846154
3634.0	38.0
3635.0	22.0
3636.0	18.2894736842
3637.0	46.0
3638.0	21.125
3639.0	23.5
3640.0	21.4
3641.0	24.0
3642.0	15.8
3643.0	30.0
3644.0	21.5
3645.0	14.6
3646.0	22.0
3647.0	19.5757575758
3648.0	17.8888888889
3649.0	19.0
3650.0	14.0
3651.0	19.1153846154
3652.0	17.1379310345
3653.0	22.0
3654.0	15.625
3655.0	18.6
3656.0	32.3333333333
3657.0	18.7777777778
3658.0	23.1428571429
3659.0	20.5
3660.0	21.4117647059
3662.0	24.5
3663.0	15.25
3664.0	26.5555555556
3665.0	19.2894736842
3666.0	20.8571428571
3667.0	22.25
3668.0	22.1666666667
3670.0	13.7777777778
3671.0	20.5
3672.0	31.3333333333
3673.0	29.0
3674.0	8.85714285714
3675.0	26.2352941176
3676.0	34.5
3677.0	20.3125
3678.0	26.5
3679.0	20.5
3680.0	21.6666666667
3681.0	23.7142857143
3682.0	22.2631578947
3683.0	23.3333333333
3684.0	20.0833333333
3685.0	18.8
3686.0	21.1
3687.0	23.0
3688.0	19.4166666667
3689.0	21.1666666667
3690.0	22.1666666667
3691.0	20.3333333333
3692.0	51.0
3693.0	9.0
3694.0	43.0
3695.0	21.4130434783
3696.0	25.0
3697.0	13.2857142857
3698.0	22.4545454545
3699.0	16.5
3700.0	27.0
3701.0	24.4
3702.0	22.3658536585
3703.0	28.2727272727
3704.0	28.8
3705.0	19.6666666667
3706.0	35.5
3707.0	20.2857142857
3708.0	18.625
3709.0	16.5
3710.0	20.1304347826
3711.0	18.5
3712.0	26.3333333333
3713.0	19.8888888889
3714.0	22.3125
3715.0	18.45
3716.0	29.0
3717.0	17.375
3718.0	16.65
3719.0	19.7777777778
3720.0	23.36
3721.0	29.5
3722.0	18.0
3723.0	4.0
3724.0	23.4
3725.0	28.5
3726.0	24.0
3727.0	16.0
3728.0	19.9565217391
3729.0	22.6923076923
3730.0	21.4166666667
3731.0	20.2857142857
3732.0	17.4
3733.0	51.0
3734.0	22.8333333333
3735.0	38.0
3736.0	20.4666666667
3737.0	16.1666666667
3739.0	25.7142857143
3740.0	20.2352941176
3741.0	15.75
3742.0	21.25
3743.0	20.0
3744.0	18.5
3745.0	21.8461538462
3746.0	22.2857142857
3747.0	20.3902439024
3748.0	12.0
3749.0	24.5
3750.0	39.3333333333
3751.0	17.5
3752.0	12.0
3753.0	18.3333333333
3754.0	24.75
3755.0	20.6071428571
3756.0	25.2
3757.0	20.0
3758.0	31.9
3759.0	29.875
3760.0	26.0833333333
3761.0	28.0
3762.0	5.33333333333
3763.0	22.75
3764.0	31.7142857143
3765.0	20.6666666667
3766.0	19.1
3768.0	26.5384615385
3769.0	21.0
3770.0	24.7692307692
3771.0	24.5
3772.0	19.125
3773.0	21.5714285714
3774.0	19.2307692308
3775.0	18.0
3776.0	23.425
3777.0	20.0
3778.0	30.375
3779.0	14.6666666667
3780.0	29.75
3781.0	15.2
3782.0	20.7272727273
3783.0	21.2368421053
3784.0	24.4
3785.0	18.6470588235
3787.0	21.0
